RESULTS

MulticlassAccuracy:0.7990999817848206
MulticlassPrecision:0.8143169283866882
MulticlassRecall:0.7991000413894653
MulticlassAveragePrecision:0.8804861903190613
MulticlassF1Score:0.8003329038619995
ASR:0.36263736223886006
ConditionalAverageRate:7.62805625214252e-07
ASP:469247.82947629655
