RESULTS

MulticlassAccuracy:0.20000000298023224
MulticlassPrecision:0.5
MulticlassRecall:0.10000000149011612
MulticlassAveragePrecision:0.5
MulticlassF1Score:0.1666666716337204
ASR:0.7999999840000003
ConditionalAverageRate:15.929619382997375
ASP:0.05022091013371471
