RESULTS

MulticlassAccuracy:0.6666666865348816
MulticlassPrecision:0.5916666388511658
MulticlassRecall:0.625
MulticlassAveragePrecision:0.8647817373275757
MulticlassF1Score:0.6026190519332886
ASR:0.9999999000000099
ConditionalAverageRate:7.170652032614183e-07
ASP:1375392.3245319405
