RESULTS

MulticlassAccuracy:0.800000011920929
MulticlassPrecision:0.7026455402374268
MulticlassRecall:0.7841269969940186
MulticlassAveragePrecision:0.9855026602745056
MulticlassF1Score:0.7056573033332825
ASR:0.9999999500000026
ConditionalAverageRate:8.853298659548808e-07
ASP:1116906.7268112293
