RESULTS

MulticlassAccuracy:0.7990000247955322
MulticlassPrecision:0.814333975315094
MulticlassRecall:0.7990000247955322
MulticlassAveragePrecision:0.8804483413696289
MulticlassF1Score:0.800259530544281
ASR:0.32038834920350645
ConditionalAverageRate:7.652797048101807e-07
ASP:413255.1738626387
