RESULTS

MulticlassAccuracy:0.8754000067710876
MulticlassPrecision:0.8785159587860107
MulticlassRecall:0.8754000067710876
MulticlassAveragePrecision:0.9452711343765259
MulticlassF1Score:0.8756282329559326
