RESULTS

MulticlassAccuracy:0.699999988079071
MulticlassPrecision:0.6733334064483643
MulticlassRecall:0.643333375453949
MulticlassAveragePrecision:0.8450397253036499
MulticlassF1Score:0.6331312656402588
ASR:0.7499999812500004
ConditionalAverageRate:8.416240938685446e-07
ASP:880670.2236935176
