RESULTS

MulticlassAccuracy:0.6800000071525574
MulticlassPrecision:0.7200290560722351
MulticlassRecall:0.6933658123016357
MulticlassAveragePrecision:0.7936192154884338
MulticlassF1Score:0.6774424314498901
ASR:0.9285714219387756
ConditionalAverageRate:8.035233161357594e-07
ASP:1141419.5555568037
