RESULTS

MulticlassAccuracy:0.6000000238418579
MulticlassPrecision:0.30000001192092896
MulticlassRecall:0.5
MulticlassAveragePrecision:0.875
MulticlassF1Score:0.375
