RESULTS

MulticlassAccuracy:0.75
MulticlassPrecision:0.6000000238418579
MulticlassRecall:0.6000000238418579
MulticlassAveragePrecision:1.0
MulticlassF1Score:0.6000000238418579
ASR:0.9999999000000099
ConditionalAverageRate:8.155314874908497e-07
ASP:1211340.7121991746
