RESULTS

MulticlassAccuracy:0.7333333492279053
MulticlassPrecision:0.7888889908790588
MulticlassRecall:0.7816667556762695
MulticlassAveragePrecision:0.9283332824707031
MulticlassF1Score:0.7209524512290955
ASR:0.9999999750000006
ConditionalAverageRate:7.789891275919938e-07
ASP:1267444.556621477
