RESULTS

MulticlassAccuracy:0.7400000095367432
MulticlassPrecision:0.7564530372619629
MulticlassRecall:0.7481557130813599
MulticlassAveragePrecision:0.8750212788581848
MulticlassF1Score:0.7305998802185059
ASR:0.8181818107438018
ConditionalAverageRate:7.29186004911439e-07
ASP:1106868.6437614944
