RESULTS

MulticlassAccuracy:0.8333333134651184
MulticlassPrecision:0.9178572297096252
MulticlassRecall:0.830000102519989
MulticlassAveragePrecision:0.9925000071525574
MulticlassF1Score:0.8413553833961487
ASR:0.9999999500000026
ConditionalAverageRate:6.507902853393325e-07
ASP:1513339.3637687596
