RESULTS

MulticlassAccuracy:0.8299999833106995
MulticlassPrecision:0.8496503233909607
MulticlassRecall:0.8727579712867737
MulticlassAveragePrecision:0.9252938032150269
MulticlassF1Score:0.858454167842865
ASR:0.9999999875000002
ConditionalAverageRate:8.283571663026087e-07
ASP:1192809.0170807294
