RESULTS

Accuracy:0.953000009059906
precision:0.9275298714637756
recall:0.918415367603302
avgPrecision:0.9757705330848694
F1:0.9170843958854675
