RESULTS

MulticlassAccuracy:0.4000000059604645
MulticlassPrecision:0.5
MulticlassRecall:0.20000000298023224
MulticlassAveragePrecision:0.5
MulticlassF1Score:0.2857142984867096
