RESULTS

MulticlassAccuracy:0.7936000227928162
MulticlassPrecision:0.8090722560882568
MulticlassRecall:0.7936000227928162
MulticlassAveragePrecision:0.8693435788154602
MulticlassF1Score:0.7950004935264587
ASR:0.4404761902140023
ConditionalAverageRate:0.00032796311870878154
ASP:1343.0252819137781
